994 783
0 0 1
3 664 0
7 466 0
9 440 0
15 672 0
20 590 0
20 67 0
22 498 1
32 669 0
41 183 0
47 64 1
54 772 1
60 418 1
70 237 0
72 368 1
80 70 0
86 358 1
90 493 1
91 308 0
101 162 0
104 367 0
113 1 1
113 93 1
116 739 0
118 756 0
124 637 1
132 82 0
141 285 0
144 474 0
145 626 1
148 163 0
151 558 0
158 783 1
165 680 0
167 480 1
177 54 0
181 516 1
181 248 0
186 61 1
189 88 1
196 406 1
197 674 1
200 112 0
201 645 1
211 387 0
215 768 1
218 47 0
223 588 1
223 704 1
226 511 0
234 132 1
235 497 1
243 493 0
252 259 0
259 193 1
260 364 1
263 222 0
267 723 1
272 721 1
273 533 1
278 686 0
286 737 0
293 22 1
303 221 0
311 566 1
319 442 1
329 43 0
331 664 0
338 38 0
348 537 1
354 426 1
358 734 1
367 41 1
370 64 0
373 595 0
380 328 1
383 523 1
389 614 0
396 403 0
398 701 1
407 50 0
411 186 0
420 355 1
422 148 0
422 281 0
428 712 0
435 89 1
440 31 1
441 765 0
451 520 1
460 713 1
460 571 0
461 765 1
464 350 1
467 540 0
477 434 1
481 254 1
481 325 0
485 103 1
495 579 1
496 292 1
506 355 0
512 737 0
515 740 1
518 154 1
520 142 0
528 343 1
531 547 1
540 250 0
543 749 0
551 391 1
552 248 1
559 660 0
567 213 0
570 687 1
578 674 0
588 455 1
594 412 0
601 385 0
609 360 0
610 655 1
613 647 1
616 432 1
622 147 1
628 119 1
637 398 0
645 629 0
654 334 1
664 573 0
665 111 1
670 35 1
680 86 1
683 294 1
686 37 0
688 60 1
693 477 0
696 31 0
696 512 0
701 229 0
711 386 0
712 464 0
717 199 1
725 442 1
729 50 0
731 246 1
740 773 1
743 442 1
751 363 1
755 245 1
764 116 0
770 266 1
779 310 1
788 754 0
793 573 1
799 558 1
800 568 1
805 520 1
810 192 1
813 167 0
815 372 0
819 238 1
827 213 1
833 282 0
842 755 0
845 198 0
851 136 0
851 726 1
857 713 0
867 380 1
874 276 1
876 661 0
883 396 0
886 526 0
890 369 0
896 232 0
905 711 1
905 632 0
913 454 1
916 25 1
917 70 0
922 753 0
929 316 1
936 547 0
943 586 1
945 214 0
950 166 1
951 758 1
951 762 0
959 281 1
964 509 1
965 718 1
966 583 0
972 21 0
975 234 1
979 67 1
983 282 0
986 44 1
991 712 1
993 720 1
1000 131 0
1003 577 1
1006 274 1
1015 536 1
1024 626 0
1024 24 1
1025 167 0
1027 352 0
1030 653 1
1030 357 1
1031 314 0
1038 54 1
1048 497 0
1053 307 0
1054 709 1
1064 568 0
1073 110 1
1075 582 1
1077 660 1
1082 333 1
1091 286 0
1095 168 1
1101 735 1
1103 192 0
1113 649 1
1119 674 1
1121 762 1
1123 522 0
1124 438 1
1133 48 1
1143 759 1
1149 575 1
1151 338 0
1160 505 0
1170 241 1
1171 13 0
1179 654 0
1182 408 0
1186 204 1
1186 97 1
1186 83 0
1186 774 1
1188 609 1
1191 427 1
1194 562 0
1198 165 0
1203 53 0
1211 105 1
1214 300 0
1224 449 1
1228 527 0
1230 634 0
1235 111 1
1236 724 1
1237 512 0
1243 764 1
1250 241 0
1260 72 0
1266 383 1
1270 439 0
1277 343 0
1286 431 0
1287 528 0
1291 394 0
1296 289 0
1303 480 0
1303 215 1
1308 241 1
1315 582 1
1323 528 0
1323 35 1
1330 550 1
1339 544 1
1341 200 1
1346 286 1
1349 80 1
1353 741 1
1360 647 0
1365 68 0
1373 569 1
1379 73 1
1389 92 1
1394 83 0
1402 322 1
1405 613 0
1410 50 1
1419 480 1
1419 732 0
1423 448 1
1424 16 1
1430 271 0
1436 334 0
1439 405 0
1446 564 0
1455 318 0
1462 742 1
1463 457 0
1470 25 1
1474 308 0
1483 616 0
1489 354 0
1493 175 1
1497 504 0
1499 150 0
1507 73 1
1516 262 0
1519 101 0
1525 128 1
1534 289 0
1534 120 1
1544 212 1
1548 291 0
1557 433 0
1566 410 1
1571 760 1
1577 374 1
1579 184 0
1583 66 0
1585 201 1
1586 603 1
1586 456 0
1588 524 1
1594 414 1
1604 485 1
1605 396 0
1606 487 0
1611 270 0
1617 686 0
1621 488 0
1622 683 0
1632 135 0
1632 351 1
1637 317 0
1647 381 1
1650 719 0
1657 146 1
1666 472 1
1671 521 0
1675 62 0
1683 373 1
1689 731 0
1689 589 1
1699 437 0
1699 195 0
1699 676 0
1709 764 1
1711 521 1
1715 51 0
1715 12 0
1717 177 0
1723 41 0
1724 650 1
1724 470 1
1727 689 1
1730 67 1
1738 601 0
1747 587 0
1750 38 1
1756 304 1
1766 669 0
1774 634 1
1777 731 1
1785 533 1
1793 60 0
1803 16 1
1808 105 1
1814 56 1
1818 507 0
1823 263 0
1832 370 1
1835 120 0
1845 655 0
1852 415 0
1857 101 0
1857 12 1
1865 362 1
1865 363 0
1872 741 1
1879 139 0
1887 448 0
1894 54 0
1895 445 1
1896 664 0
1903 598 0
1910 289 0
1919 250 0
1926 729 1
1936 177 0
1946 705 1
1955 350 1
1961 627 0
1963 222 0
1963 706 1
1965 96 1
1971 718 0
1979 509 0
1984 723 1
1984 10 0
1986 705 1
1995 614 0
1998 79 0
2001 213 1
2005 758 1
2015 341 0
2017 721 0
2025 741 0
2025 538 0
2034 254 1
2040 513 1
2043 273 1
2053 462 1
2054 272 1
2057 195 1
2066 464 1
2066 384 1
2070 696 1
2070 126 0
2073 497 0
2073 356 1
2080 205 1
2088 607 0
2098 1 1
2102 248 0
2112 223 1
2115 415 1
2122 761 0
2122 222 1
2130 64 1
2133 630 1
2143 562 0
2145 486 1
2152 182 1
2157 169 0
2166 486 0
2171 1 0
2176 258 0
2178 471 1
2182 5 0
2183 495 1
2185 132 1
2194 220 1
2195 594 1
2199 774 1
2204 507 1
2210 468 0
2214 570 1
2218 66 1
2224 305 0
2228 625 1
2236 349 1
2236 67 1
2241 507 0
2245 470 1
2248 290 0
2251 266 0
2251 625 1
2251 375 0
2257 152 0
2264 390 0
2264 707 1
2273 746 1
2279 31 0
2287 237 1
2297 263 1
2302 771 1
2312 686 1
2317 334 0
2319 413 1
2321 347 0
2322 749 1
2322 548 1
2322 276 1
2331 749 0
2337 488 1
2345 298 1
2345 458 1
2350 88 1
2352 140 0
2358 121 0
2363 297 0
2365 654 0
2372 48 0
2375 678 1
2377 654 1
2383 517 1
2387 480 0
2396 425 0
2404 315 1
2414 144 1
2423 592 1
2430 36 0
2436 43 1
2441 61 0
2441 330 0
2444 1 1
2447 676 0
2447 380 0
2457 88 0
2463 447 1
2470 402 1
2476 729 0
2483 94 1
2492 554 0
2497 665 0
2503 585 1
2513 528 0
2519 609 0
2528 494 1
2529 751 1
2536 199 1
2537 656 1
2539 685 0
2546 441 1
2546 373 0
2554 107 0
2556 57 0
2557 523 0
2567 508 0
2575 483 0
2578 430 0
2585 188 1
2592 336 1
2601 43 1
2602 106 1
2608 283 0
2608 634 1
2615 332 1
2623 90 1
2632 681 0
2642 457 0
2643 641 1
2646 631 0
2652 256 0
2652 563 1
2653 60 0
2654 764 1
2655 667 0
2662 259 0
2666 467 1
2674 683 1
2682 659 1
2688 249 1
2689 604 0
2699 541 1
2706 571 0
2708 178 0
2713 636 1
2721 412 0
2722 419 0
2729 514 0
2732 438 0
2736 36 0
2744 480 0
2754 13 1
2764 90 1
2770 462 0
2772 454 1
2777 387 1
2783 266 0
2788 28 0
2792 263 0
2801 661 1
2801 533 0
2801 537 1
2811 28 1
2819 705 1
2829 181 1
2830 54 1
2840 700 1
2846 206 0
2851 702 1
2856 158 0
2862 25 1
2872 435 0
2877 263 0
2885 711 0
2895 649 0
2901 601 0
2909 188 1
2912 510 0
2922 282 0
2924 68 0
2930 431 0
2938 95 1
2946 418 1
2946 580 1
2946 133 1
2950 678 0
2955 0 1
2955 648 1
2959 176 0
2967 511 0
2977 181 0
2986 100 0
2993 158 1
2994 631 0
2996 641 1
3003 730 1
3011 251 1
3013 404 1
3016 123 1
3020 426 0
3028 431 0
3031 450 1
3036 115 0
3045 709 0
3048 474 0
3049 208 0
3049 181 0
3050 745 0
3056 601 0
3060 70 1
3060 713 1
3064 604 0
3072 700 0
3078 232 0
3081 336 0
3091 512 1
3101 12 0
3105 378 1
3107 132 0
3109 28 0
3109 659 1
3109 264 1
3112 5 0
3121 486 0
3130 603 1
3138 459 1
3148 212 1
3154 397 0
3154 158 0
3155 263 1
3163 160 1
3170 507 1
3171 558 1
3181 30 0
3183 530 1
3191 621 0
3195 707 1
3198 145 1
3201 699 1
3202 273 0
3205 387 1
3205 483 0
3205 496 0
3207 72 1
3216 282 1
3219 622 1
3224 465 0
3226 265 0
3226 245 0
3236 721 0
3236 561 1
3239 481 0
3242 244 1
3247 573 0
3257 218 0
3259 724 1
3265 193 0
3269 641 1
3269 135 0
3275 768 1
3284 439 0
3294 282 1
3298 651 1
3304 431 1
3311 490 1
3314 432 1
3314 11 0
3324 188 0
3334 575 1
3344 169 0
3344 110 0
3346 335 1
3353 330 1
3354 631 1
3364 548 0
3370 766 1
3370 150 0
3374 561 0
3379 635 0
3381 74 0
3385 627 1
3388 706 0
3391 689 0
3396 528 0
3406 369 0
3414 336 0
3416 317 0
3421 37 1
3428 80 1
3431 564 0
3439 447 0
3446 379 1
3452 342 1
3454 642 0
3460 577 1
3465 522 1
3471 764 1
3479 399 1
3482 471 1
3490 720 0
3495 580 0
3498 508 0
3507 539 0
3513 441 1
3513 171 0
3521 310 1
3528 649 0
3529 672 0
3530 541 1
3537 181 1
3540 572 1
3549 97 0
3557 569 0
3566 534 0
3568 333 1
3571 684 0
3575 193 0
3579 17 1
3585 607 1
3590 756 1
3595 92 1
3603 94 0
3609 432 1
3614 673 1
3620 767 0
3622 750 0
3625 417 1
3627 192 0
3636 60 1
3638 430 0
3638 38 1
3639 688 0
3645 346 1
3655 620 1
3660 321 0
3667 331 1
3667 28 0
3672 40 0
3678 52 1
3679 503 0
3682 779 1
3684 756 0
3685 739 0
3688 406 1
3696 171 0
3705 524 1
3705 522 1
3709 57 1
3715 501 0
3725 522 1
3727 230 0
3730 193 0
3739 36 0
3745 334 0
3748 597 0
3757 738 1
3760 160 1
3770 682 0
3779 420 0
3784 330 0
3791 194 1
3800 217 0
3806 702 0
3813 749 1
3815 382 0
3815 430 1
3819 492 1
3823 774 1
3829 649 0
3835 7 0
3842 502 0
3852 189 1
3856 596 1
3865 114 1
3869 151 0
3870 740 1
3880 705 1
3886 333 1
3889 450 1
3898 595 0
3898 746 0
3904 127 1
3906 379 1
3907 10 1
3911 31 1
3921 225 1
3924 108 1
3933 384 1
3942 581 1
3952 45 0
3956 529 0
3957 633 0
3966 70 0
3970 376 0
3973 500 0
3982 323 0
3983 611 1
3990 538 0
3991 456 0
4000 680 0
4000 666 0
4002 494 0
4012 743 1
4016 206 0
4019 689 0
4020 179 1
4023 48 1
4030 307 0
4032 260 0
4042 706 1
4049 171 1
4052 290 0
4056 641 0
4056 141 0
4058 515 1
4063 352 0
4067 413 1
4076 629 0
4084 308 1
4089 262 0
4091 280 1
4095 555 1
4102 175 0
4106 664 0
4116 763 1
4125 481 0
4131 459 0
4139 294 0
4144 56 0
4151 726 1
4157 188 1
4162 129 1
4168 699 0
4172 463 0
4172 215 1
4182 448 0
4191 214 0
4194 355 1
4196 16 1
4204 5 1
4207 130 1
4216 3 0
4218 196 1
4219 91 0
4223 212 1
4232 548 0
4235 193 1
4245 638 0
4255 607 0
4258 277 1
4262 746 0
4270 622 1
4273 28 1
4283 505 1
4284 232 1
4285 508 0
4287 747 0
4296 335 0
4302 519 1
4304 103 1
4311 538 0
4315 626 1
4316 623 0
4316 728 0
4321 572 0
4331 83 1
4340 356 1
4347 397 0
4353 400 1
4358 661 0
4361 546 1
4362 357 1
4369 350 1
4373 548 1
4379 606 1
4381 57 1
4390 137 1
4396 464 1
4406 732 0
4409 704 1
4419 131 1
4421 79 0
4421 198 0
4421 456 1
4423 26 1
4430 648 1
4435 318 0
4435 275 0
4437 342 0
4447 503 1
4448 633 0
4456 729 0
4463 663 1
4466 613 1
4475 435 0
4477 535 1
4485 575 0
4493 136 1
4494 490 0
4498 61 1
4508 282 1
4516 567 0
4519 651 1
4526 119 0
4532 572 0
4535 302 0
4537 155 0
4546 581 0
4551 544 0
4551 297 1
4552 473 0
4556 561 0
4564 374 1
4571 30 1
4575 780 0
4581 769 1
4584 560 0
4584 103 0
4591 231 0
4600 271 0
4600 363 0
4607 174 1
4616 319 1
4625 679 1
4635 70 0
4644 56 1
4646 108 0
4647 638 0
4652 464 0
4658 495 1
4666 622 1
4674 771 0
4676 54 1
4678 20 0
4684 164 0
4684 385 0
4684 313 1
4689 16 1
4689 7 1
4694 650 0
4704 570 0
4712 225 1
4712 742 1
4721 425 1
4730 550 1
4740 114 1
4740 6 0
4740 21 1
4747 547 0
4756 426 1
4761 69 1
4770 675 1
4773 592 0
4781 582 0
4785 249 0
4785 119 1
4793 396 1
4795 587 0
4804 160 1
4805 481 0
4808 51 1
4818 227 0
4822 255 1
4825 424 0
4834 132 1
4834 612 0
4836 82 0
4836 395 1
4839 108 0
4849 183 1
4855 580 0
4856 428 1
4866 755 1
4866 672 1
4872 136 1
4873 198 1
4878 591 0
4880 232 1
4890 58 0
4897 275 1
4903 747 0
4903 551 1
4905 668 1
4913 89 1
4919 171 1
4928 479 0
4936 768 0
4937 315 0
4943 470 0
4948 41 0
4952 23 1
4952 33 0
4957 0 1
